-236
-799
193
798
769
917
-971
-185
726
-723
-510
-909
-935
-672
-561
-966
-430
-314
107
-285
-256
-289
821
-68
-148
-392
951
613
982
-487
903
-893
410
633
945
-67
-400
500
-297
551
-851
-603
-872
-283
-26
22
-253
972
-919
-539
-990
852
-799
-487
551
359
618
449
-830
-735
512
253
-653
-190
105
423
110
-638
941
374
58
593
611
-476
-644
734
-770
-881
523
477
973
851
808
90
2
350
-20
-708
-924
593
343
463
169
-696
784
-244
-599
-588
-332
-350
-400
604
392
-457
808
-922
418
-93
33
-487
-417
604
578
352
511
897
239
444
936
-263
701
114
746
-118
-565
718
-439
407
415
-248
-341
-828
954
-429
69
-185
995
789
622
817
149
412
-197
-778
795
-227
-808
555
567
331
314
-483
530
401
718
-994
357
858
-915
36
824
909
189
115
936
-34
-489
636
-8
701
336
854
-96
-664
-876
-990
82
235
-14
159
204
860
68
-736
-835
152
658
-869
-458
399
-172
-269
-130
-340
-578
481
47
794
207
46
180
170
-6
-779
186
118
548
-538
462
173
91
615
929
-809
-783
425
766
-620
-968
-631
160
332
-675
-610
356
97
-411
82
-654
-629
705
896
-498
-137
90
935
448
902
141
881
-480
-666
768
642
-916
797
-158
-744
-940
-591
364
641
-55
-43
170
-275
647
-379
981
543
459
-673
617
852
-535
-237
-820
824
704
146
-972
387
401
776
-662
772
-426
-537
-915
831
-666
878
-757
-317
-809
888
23
259
671
949
-49
-697
-431
603
617
390
-863
-837
-114
-471
-470
621
-598
-91
-184
871
-812
-650
-133
-711
-848
-969
439
-265
320
-960
757
-949
-395
-671
-80
107
917
-388
-573
-545
443
801
-849
668
888
-495
66
-593
513
189
37
-697
-236
531
-8
684
-689
552
786
-758
308
-925
63
686
700
84
-554
437
358
534
-657
449
893
185
-300
196
931
-984
13
-98
678
784
898
-931
579
286
542
372
-108
903
350
-25
-16
-42
-908
342
153
485
-134
591
814
943
-810
465
-171
-542
540
980
823
143
-364
-188
-728
60
-204
477
-797
396
671
-612
290
405
671
-179
184
-325
390
885
-126
-694
-643
534
890
-473
-595
694
176
347
991
-438
-567
775
-239
-843
737
-802
-310
-850
-728
456
97
-920
958
190
846
-22
-189
23
-936
-510
833
134
-340
-455
-748
788
987
640
-79
-610
-68
-201
-307
616
-223
269
575
190
-897
22
484
-129
-901
-890
-584
205
-460
961
-172
612
785
-353
-935
-633
79
214
629
-962
-505
121
113
-59
-190
858
598
-817
-365
-205
-650
-158
119
-662
600
-138
520
-550
244
-792
978
592
-739
864
-215
-845
-334
218
-521
442
-186
403
-946
-733
863
164
629
-779
-795
-196
-149
690
690
-228
385
658
-558
-541
-236
386
-915
770
946
10
-803
15
861
130
793
709
288
-553
-341
820
351
518
-654
-964
-42
682
634
-379
-499
226
-714
409
-890
854
895
-492
799
516
645
-727
794
-335
789
-889
-631
997
-331
-322
497
-244
-918
40
632
630
-201
346
930
345
66
-414
223
-16
889
996
-933
110
907
665
155
751
691
-85
-563
-683
-752
-988
-769
496
578
772
-340
-792
-939
-374
-290
669
-480
696
237
630
747
466
220
-139
314
-411
589
-78
-511
-601
924
314
54
703
-652
43
-148
391
929
-323
864
455
891
957
638
953
-42
14
873
-499
136
-732
-17
840
256
62
-561
-945
-425
-901
712
-8
760
740
627
457
565
228
-62
-267
-491
-96
938
-1
870
-532
917
-790
312
358
-719
988
446
-698
-855
-901
-343
-891
-796
-926
-518
-236
713
539
-119
-122
-633
812
689
-426
908
-666
579
854
270
-509
-163
519
-936
-602
270
-295
-769
197
549
-913
-337
-554
313
-166
-389
139
-666
-651
-311
945
-933
-112
290
213
881
-908
225
-695
308
515
-606
-170
-405
-799
309
328
-106
372
273
980
-612
294
-966
-103
674
-618
-275
-445
-285
603
-100
931
-341
-756
477
-82
-132
-893
-586
-431
-569
-811
-94
727
-490
-85
-58
626
-193
988
-983
1
-531
-99
814
282
-243
-790
-325
-561
771
-418
-331
27
-436
730
72
-1
-64
-744
64
-140
-758
-511
464
707
510
379
-681
732
-805
495
-861
737
861
204
622
241
-864
-912
648
723
213
-339
-618
-422
-752
-554
280
-662
936
488
-174
-275
-401
341
791
-894
-914
-382
-146
894
-194
147
-625
-523
-803
807
141
-773
951
-901
899
-852
-688
-479
-515
742
-260
802
-630
-369
280
-933
413
524
923
985
-331
72
-708
-26
-971
-824
-47
-488
-475
-675
-332
630
-884
507
-96
-361
-259
-729
902
-839
491
486
634
521
671
-614
943
566
-398
-570
196
972
945
567
742
-901
383
-547
507
469
451
194
-967
-97
-647
-840
-741
-586
-447
457
-619
-111
970
-406
83
639
577
-75
-536
-127
-770
-572
964
165
-472
365
614
-40
-479
-586
906
-791
76
811
-391
169
722
77
843
-556
-226
889
708
326
-442
658
806
-497
543
-619
-59
-812
-802
-686
-664
740
-611
52
-349
833
109
559
-852
238
-613
716
-721
286
-844
-39
-956
-938
908
-443
405
407
954
87
81
-225
-913
699
39
23
-529
-301
-20
-813
-440
-972
155
-692
-123
201
-207
371
435
262
-515
420
648
-672
815
-87
517
268
-443
-622
-83
98
-248
427
-209
-362
981
-798
73
-994
131
307
140
-496
-9
290
616
-535
-34
739
330
612
-765
53
-743
507
-330
-45
-769
-361
810
-201
-730
724
223
746
-704
768
-445
863
-907
-532
-416
-787
286
503
589
-7
179
-711
-648
783
-753
-257
-903
-21
-899
-361
-315
-542
739
-899
374
-459
-102
-190
462
329
-691
-526
112
456
682
-867
696
-667
219
-137
938
-56
484
425
200
257
423
446
-798
304
363
678
-501
-997
-206
896
21
-213
750
-989
-3
-913
598
-51
564
742
-947
-138
388
403
-776
232
-408
985
-490
-566
-679
-770
158
322
-755
445
-712
-611
315
-513
210
79
-914
-964
835
-203
922
-757
993
-796
387
-204
482
-674
143
477
-354
-930
666
-731
-703
693
88
79
-188
-214
481
-866
182
-647
-105
116
865
517
465
-905
-774
-550
-109
-667
-613
-941
617
-994
-691
-989
6
-84
894
654
-161
259
-49
389
438
-503
-190
65
-270
415
-585
-42
568
411
-301
892
618
-914
-942
-936
122
205
-264
146
-145
-929
-68
214
585
-601
-561
68
352
735
-363
522
869
488
-361
-802
-628
-357
-580
410
-778
204
-286
696
-434
-556
-470
-454
-607
-980
-941
-87
263
4
817
44
-949
-86
815
-788
-992
786
584
907
442
370
-151
37
-647
-513
690
-276
-692
-360
976
233
895
-85
-99
-385
49
-750
-566
617
-433
-871
488
-576
-863
761
-381
798
172
-184
-916
-832
781
771
51
248
-823
-73
-216
729
841
-824
611
622
-248
-442
-506
-198
992
682
6
-672
-946
-917
-466
-911
-863
-445
-492
348
-227
540
-509
743
71
-367
920
306
-85
258
-680
66
398
-416
809
-207
845
744
-306
453
-308
-586
981
-69
-426
-183
606
-414
-90
222
-796
200
-699
985
222
883
-938
-789
192
-498
196
-916
-18
188
-882
-55
824
488
446
-842
-50
-277
176
-145
-375
-879
-459
592
418
-725
877
-1000
491
-498
-190
492
-245
651
-936
72
667
-62
216
326
512
-637
702
-346
970
263
391
-203
-229
-418
-961
730
270
406
928
-18
-256
329
19
442
215
216
-85
-286
632
922
-50
-905
206
528
-270
-787
-280
-333
-585
419
624
-515
77
969
730
-188
-566
-926
310
108
-726
-124
-575
732
-117
-590
285
-884
-205
616
-543
384
158
-528
-266
999
57
289
473
993
82
259
227
-666
461
295
462
7
-922
235
198
-642
-322
-527
360
282
-423
-919
-329
-212
-810
476
897
-462
685
707
-763
-109
80
-590
-295
-956
94
-492
-719
-196
68
711
666
-427
252
-126
-546
105
804
-715
-488
588
771
944
408
632
-596
-115
-320
696
-908
618
-234
556
240
-256
410
-663
-597
811
350
-301
980
463
-899
-270
-202
-36
658
-896
876
-863
-91
-926
-303
800
-408
858
-698
744
598
-15
-497
-667
-569
-842
545
-227
-355
-801
521
-876
-938
637
846
-891
-409
-490
-879
790
-547
-72
-318
166
637
973
-849
763
-619
490
-688
270
505
-658
604
-705
-592
675
565
-711
530
-229
526
-282
108
-952
874
-479
20
-243
187
951
545
960
572
822
849
-667
492
-742
996
366
-574
990
317
518
-357
-743
-68
896
-571
-600
247
9
-943
175
-761
175
-164
-116
335
-873
-472
-643
-299
-605
458
867
-243
-986
-361
-974
722
133
-804
745
-986
-925
432
288
303
422
-168
522
40
677
316
391
-729
73
68
-306
549
91
234
-768
-247
-758
-183
-625
637
689
-924
-883
-96
254
-262
687
-363
390
-656
-234
884
670
30
388
-783
354
-933
573
81
-390
-534
-240
732
928
-39
111
593
-679
685
734
828
841
-153
895
952
1
-269
-719
-710
-350
-685
-617
-902
-135
-158
41
-853
-568
636
-760
609
465
-511
203
-979
-265
926
-158
-822
-733
662
644
-269
-230
-439
35
-664
-537
-585
307
-860
-145
-156
-856
-568
-953
650
-164
-737
113
913
-774
857
-868
-841
458
-386
417
-92
586
-476
-476
911
116
808
-416
389
528
-411
-463
593
853
415
-181
992
-635
-565
68
-603
-558
-942
415
349
-324
-110
916
-939
-729
769
695
251
817
712
-649
158
-523
-414
205
-938
674
-691
-65
631
-677
407
167
-619
676
-280
-407
590
-160
91
165
-42
47
-163
-66
-658
702
811
98
-141
-681
887
819
689
361
-347
-630
877
-913
-846
-819
458
-567
470
-663
199
18
-40
-901
297
-676
-19
-994
-682
108
-114
-883
-288
122
124
-27
-801
-810
-748
810
355
-279
661
624
-309
693
845
611
563
209
20
-420
-807
647
893
876
150
-501
409
389
567
-56
290
207
-558
214
-843
-526
-699
-157
77
-978
568
-184
321
-672
-74
731
-834
375
-999
-8
538
958
676
129
317
25
-658
-715
-879
-418
407
-53
364
-241
-634
977
419
-427
-243
999
692
-38
304
224
411
655
562
753
-37
-567
-614
436
-437
-652
-480
343
-905
461
631
911
-76
-337
102
827
485
-858
-118
-282
483
-950
723
694
-511
951
100
-171
769
-411
-853
621
144
-440
898
504
700
436
-839
-519
-849
911
334
-79
687
-476
-521
-397
95
535
950
-941
-15
500
914
-723
-75
122
56
833
-705
927
-212
513
-318
-658
277
477
-385
-276
-402
48
-529
915
334
-828
-658
-133
927
-392
-306
931
