-236
-799
193
798
769
917
-971
-185
726
-723
-510
-909
-935
-672
-561
-966
-430
-314
107
-285
-256
-289
821
-68
-148
-392
951
613
982
-487
903
-893
410
633
945
-67
-400
500
-297
551
-851
-603
-872
-283
-26
22
-253
972
-919
-539
-990
852
-799
-487
551
359
618
449
-830
-735
512
253
-653
-190
105
423
110
-638
941
374
58
593
611
-476
-644
734
-770
-881
523
477
973
851
808
90
2
350
-20
-708
-924
593
343
463
169
-696
784
-244
-599
-588
-332
-350
-400
604
392
-457
808
-922
418
-93
33
-487
-417
604
578
352
511
897
239
444
936
-263
701
114
746
-118
-565
718
-439
407
415
-248
-341
-828
954
-429
69
-185
995
789
622
817
149
412
-197
-778
795
-227
-808
555
567
331
314
-483
530
401
718
-994
357
858
-915
36
824
909
189
115
936
-34
-489
636
-8
701
336
854
-96
-664
-876
-990
82
235
-14
159
204
860
68
-736
-835
152
658
-869
-458
399
-172
-269
-130
-340
-578
481
47
794
207
46
180
170
-6
-779
186
118
548
-538
462
173
91
615
929
-809
-783
425
766
-620
-968
-631
160
332
-675
-610
356
97
-411
82
-654
-629
705
896
-498
-137
90
935
448
902
141
881
-480
-666
768
642
-916
797
-158
-744
-940
-591
364
641
-55
-43
170
-275
647
-379
981
543
459
-673
617
852
-535
-237
-820
824
704
146
-972
387
401
776
-662
772
-426
-537
-915
831
-666
878
-757
-317
-809
888
23
259
671
949
-49
-697
-431
603
617
390
-863
-837
-114
-471
-470
621
-598
-91
-184
871
-812
-650
-133
-711
-848
-969
439
-265
320
-960
757
-949
-395
-671
-80
107
917
-388
-573
-545
443
801
-849
668
888
-495
66
-593
513
189
37
-697
-236
531
-8
684
-689
552
786
-758
308
-925
63
686
700
84
-554
437
358
534
-657
449
893
185
-300
196
931
-984
13
-98
678
784
898
-931
579
286
542
372
-108
903
350
-25
-16
-42
-908
342
153
485
-134
591
814
943
-810
465
-171
-542
540
980
823
143
-364
-188
-728
60
-204
477
-797
396
671
-612
290
405
671
-179
184
-325
390
885
-126
-694
-643
534
890
-473
-595
694
176
347
991
-438
-567
775
-239
-843
737
-802
-310
-850
-728
456
97
-920
958
190
846
-22
-189
23
-936
-510
833
134
-340
-455
-748
788
987
640
-79
-610
-68
-201
-307
616
-223
269
575
190
-897
22
484
-129
-901
-890
-584
205
-460
961
-172
612
785
-353
-935
-633
79
214
629
-962
-505
121
113
-59
-190
858
598
-817
-365
-205
-650
-158
119
-662
600
-138
520
-550
244
-792
978
592
-739
864
-215
-845
-334
218
-521
442
-186
403
-946
-733
863
164
629
-779
-795
-196
-149
690
690
-228
385
658
-558
-541
-236
386
-915
770
946
10
-803
15
861
130
793
709
288
-553
-341
820
351
518
-654
-964
-42
682
634
-379
-499
226
-714
409
-890
854
895
-492
799
516
645
-727
794
-335
789
-889
-631
997
-331
-322
497
-244
-918
40
632
630
-201
346
930
345
66
-414
223
-16
889
996
-933
110
907
665
155
751
691
-85
-563
-683
-752
-988
-769
496
578
772
-340
-792
-939
-374
-290
669
-480
696
237
630
747
466
220
-139
314
-411
589
-78
-511
-601
924
314
54
703
-652
43
-148
391
929
-323
864
455
891
957
638
953
-42
14
873
-499
136
-732
-17
840
256
62
-561
-945
-425
-901
712
-8
760
740
627
457
565
228
-62
-267
-491
-96
938
-1
870
-532
917
-790
312
358
-719
988
446
-698
-855
-901
-343
-891
-796
-926
-518
-236
713
539
-119
-122
-633
812
689
-426
908
-666
579
854
270
-509
-163
519
-936
-602
270
-295
-769
197
549
-913
-337
-554
313
-166
-389
139
-666
-651
-311
945
-933
-112
290
213
881
-908
225
-695
308
515
-606
-170
-405
-799
309
328
-106
372
273
980
-612
294
-966
-103
674
-618
-275
-445
-285
603
-100
931
-341
-756
477
-82
-132
-893
-586
-431
-569
-811
-94
727
-490
-85
-58
626
-193
988
-983
1
-531
-99
814
282
-243
-790
-325
-561
771
-418
-331
27
-436
730
72
-1
-64
-744
64
-140
-758
-511
464
707
510
379
-681
732
-805
495
-861
737
861
204
622
241
-864
-912
648
723
213
-339
-618
-422
-752
-554
280
-662
936
488
-174
-275
-401
341
791
-894
-914
-382
-146
894
-194
147
-625
-523
-803
807
141
-773
951
-901
899
-852
-688
-479
-515
742
-260
802
-630
-369
280
-933
413
524
923
985
-331
72
-708
-26
-971
-824
-47
-488
-475
-675
-332
630
-884
507
-96
-361
-259
-729
902
-839
491
486
634
521
671
-614
943
566
-398
-570
196
972
945
567
742
-901
383
-547
507
469
451
194
-967
-97
-647
-840
-741
-586
-447
457
-619
-111
970
-406
83
639
577
-75
-536
-127
-770
-572
964
165
-472
365
614
-40
-479
-586
906
-791
76
811
-391
169
722
77
843
-556
-226
889
708
326
-442
658
806
-497
543
-619
-59
-812
-802
-686
-664
740
-611
52
-349
833
109
559
-852
238
-613
716
-721
286
-844
-39
-956
-938
908
-443
405
407
954
87
81
-225
-913
699
39
23
-529
-301
-20
-813
-440
-972
155
-692
-123
201
-207
371
435
262
-515
420
648
-672
815
-87
517
268
-443
-622
-83
98
-248
427
-209
-362
981
-798
73
-994
131
307
140
-496
-9
290
616
-535
-34
739
330
612
-765
53
-743
507
-330
-45
-769
-361
810
-201
-730
724
223
746
-704
768
-445
863
-907
-532
-416
-787
286
503
589
-7
179
-711
-648
783
-753
-257
-903
-21
-899
-361
-315
-542
739
-899
374
-459
-102
-190
462
329
-691
-526
112
456
682
-867
696
-667
219
-137
938
-56
484
425
200
257
423
446
-798
304
363
678
-501
-997
-206
896
21
-213
750
-989
-3
-913
598
-51
564
742
-947
-138
388
403
-776
232
-408
985
-490
-566
-679
-770
158
322
-755
445
-712
-611
315
-513
210
79
-914
-964
835
-203
922
-757
993
-796
387
-204
482
-674
143
477
-354
-930
666
-731
-703
693
88
79
-188
-214
481
-866
182
-647
-105
116
865
517
465
-905
-774
-550
-109
-667
-613
-941
617
-994
-691
-989
6
-84
894
654
-161
259
-49
389
438
-503
-190
65
-270
415
-585
-42
568
411
-301
892
618
-914
-942
-936
122
205
-264
146
-145
-929
-68
214
585
-601
-561
68
352
735
-363
522
869
488
-361
-802
-628
-357
-580
410
-778
204
-286
696
-434
-556
-470
-454
-607
-980
-941
-87
263
4
817
44
-949
-86
815
-788
-992
786
584
907
442
370
-151
37
-647
-513
690
-276
-692
-360
976
233
895
-85
-99
-385
49
-750
-566
617
-433
-871
488
-576
-863
761
-381
798
172
-184
-916
-832
781
771
51
248
-823
-73
-216
729
841
-824
611
622
-248
-442
-506
-198
992
682
6
-672
-946
-917
-466
-911
-863
-445
-492
348
-227
540
-509
743
71
-367
920
306
-85
258
-680
66
398
-416
809
-207
845
744
-306
453
-308
-586
981
-69
-426
-183
606
-414
-90
222
-796
200
-699
985
222
883
-938
-789
192
-498
196
-916
-18
188
-882
-55
824
488
446
-842
-50
-277
176
-145
-375
-879
-459
592
418
-725
877
-1000
491
-498
-190
492
-245
651
-936
72
667
-62
216
326
512
-637
702
-346
970
263
391
-203
-229
-418
-961
730
270
406
928
-18
-256
329
19
442
215
216
-85
-286
632
922
-50
-905
206
528
-270
-787
-280
-333
-585
419
624
-515
77
969
730
-188
-566
-926
310
108
-726
-124
-575
732
-117
-590
285
-884
-205
616
-543
384
158
-528
-266
999
57
289
473
993
82
259
227
-666
461
295
462
7
-922
235
198
-642
-322
-527
360
282
-423
-919
-329
-212
-810
476
897
-462
685
707
-763
-109
80
-590
-295
-956
94
-492
-719
-196
68
711
666
-427
252
-126
-546
105
804
-715
-488
588
771
944
408
632
-596
-115
-320
696
-908
618
-234
556
240
-256
410
-663
-597
811
350
-301
980
463
-899
-270
-202
-36
658
-896
876
-863
-91
-926
-303
800
-408
858
-698
744
598
-15
-497
-667
-569
-842
545
-227
-355
-801
521
-876
-938
637
846
-891
-409
-490
-879
790
-547
-72
-318
166
637
973
-849
763
-619
490
-688
270
505
-658
604
-705
-592
675
565
-711
530
-229
526
-282
108
-952
874
-479
20
-243
187
951
545
960
572
822
849
-667
492
-742
996
366
-574
990
317
518
-357
-743
-68
896
-571
-600
247
9
-943
175
-761
175
-164
-116
335
-873
-472
-643
-299
-605
458
867
-243
-986
-361
-974
722
133
-804
745
-986
-925
432
288
303
422
-168
522
40
677
316
391
-729
73
68
-306
549
91
234
-768
-247
-758
-183
-625
637
689
-924
-883
-96
254
-262
687
-363
390
-656
-234
884
670
30
388
-783
354
-933
573
81
-390
-534
-240
732
928
-39
111
593
-679
685
734
828
841
-153
895
952
1
-269
-719
-710
-350
-685
-617
-902
-135
-158
41
-853
-568
636
-760
609
465
-511
203
-979
-265
926
-158
-822
-733
662
644
-269
-230
-439
35
-664
-537
-585
307
-860
-145
-156
-856
-568
-953
650
-164
-737
113
913
-774
857
-868
-841
458
-386
417
-92
586
-476
-476
911
116
808
-416
389
528
-411
-463
593
853
415
-181
992
-635
-565
68
-603
-558
-942
415
349
-324
-110
916
-939
-729
769
695
251
817
712
-649
158
-523
-414
205
-938
674
-691
-65
631
-677
407
167
-619
676
-280
-407
590
-160
91
165
-42
47
-163
-66
-658
702
811
98
-141
-681
887
819
689
361
-347
-630
877
-913
-846
-819
458
-567
470
-663
199
18
-40
-901
297
-676
-19
-994
-682
108
-114
-883
-288
122
124
-27
-801
-810
-748
810
355
-279
661
624
-309
693
845
611
563
209
20
-420
-807
647
893
876
150
-501
409
389
567
-56
290
207
-558
214
-843
-526
-699
-157
77
-978
568
-184
321
-672
-74
731
-834
375
-999
-8
538
958
676
129
317
25
-658
-715
-879
-418
407
-53
364
-241
-634
977
419
-427
-243
999
692
-38
304
224
411
655
562
753
-37
-567
-614
436
-437
-652
-480
343
-905
461
631
911
-76
-337
102
827
485
-858
-118
-282
483
-950
723
694
-511
951
100
-171
769
-411
-853
621
144
-440
898
504
700
436
-839
-519
-849
911
334
-79
687
-476
-521
-397
95
535
950
-941
-15
500
914
-723
-75
122
56
833
-705
927
-212
513
-318
-658
277
477
-385
-276
-402
48
-529
915
334
-828
-658
-133
927
-392
-306
931
90
935
-378
330
-388
-592
517
421
-165
748
-47
-721
-844
916
-391
178
-175
-58
39
525
-608
861
106
824
74
831
-116
-790
-603
486
847
134
389
591
154
758
658
60
847
-394
662
397
769
-931
482
634
21
279
-590
-196
-239
-37
-334
-951
166
-197
560
380
371
-120
404
195
184
764
492
588
405
-184
457
519
-443
249
-675
-81
-168
529
-436
778
78
670
459
278
636
978
107
53
-173
-170
361
612
922
18
25
-994
-608
250
609
796
-741
-651
-23
383
352
-268
173
763
-709
-291
758
775
1
-814
-38
892
581
319
963
-371
324
-306
-391
-366
-282
-421
898
-500
-775
834
512
400
-336
-986
747
-438
1
252
-881
-308
-640
468
985
365
-927
477
473
485
-426
550
-955
-157
-42
996
-2
862
-995
329
225
573
-502
-428
-465
-104
631
279
859
281
335
816
-361
779
316
478
-271
-402
-359
4
109
-789
-342
45
-274
-925
90
152
783
-970
-911
-155
-230
-567
-913
332
577
-907
-768
427
969
-927
246
-755
769
-588
497
-776
-967
839
-887
41
546
535
936
994
944
16
-856
388
784
179
341
-480
-139
-402
-66
-207
95
-887
603
552
293
789
-310
173
-889
292
303
3
-493
763
-40
-325
-975
-765
-426
-604
-805
-329
607
-256
382
-333
-807
556
-614
902
-960
-551
112
391
-59
-441
612
588
-315
-954
826
-571
199
-75
321
359
-284
804
351
-598
-199
-936
-458
-643
-971
-927
-480
160
138
-30
-203
-509
471
-396
213
672
506
170
267
-57
312
121
-360
149
709
-86
-792
928
978
140
888
437
-90
-376
-393
703
22
38
-294
-359
-265
591
-892
-180
-647
-623
-457
-985
-378
914
164
640
713
470
840
-910
422
702
462
85
-597
-794
565
-943
254
515
-423
-349
258
-884
8
-597
603
-941
-105
661
-123
696
814
-207
673
138
-230
777
-905
-24
-724
200
-10
839
942
-245
-286
340
873
-711
-751
985
201
455
-523
-402
-943
52
-577
-171
-701
-905
-705
306
297
690
-893
-4
-886
765
725
-666
-638
742
124
683
69
178
-307
690
864
473
-625
99
789
-317
476
-415
-952
-494
942
-834
-981
519
-77
-239
-174
701
435
460
789
-673
-66
54
-928
-710
-397
407
-175
-96
188
217
-845
-737
-826
732
-785
213
-882
-8
-264
996
-35
-851
-678
639
-863
-571
799
136
230
-691
-50
-501
115
455
-57
-267
-737
-3
756
-202
-894
-304
-76
-376
-752
-428
-86
-762
327
546
441
-934
-638
-331
-967
-525
-623
490
174
616
126
139
313
628
-277
-329
-924
-731
5
-752
-31
-965
-580
712
911
833
265
-881
-113
262
89
-213
43
-429
66
430
-459
-640
147
937
473
-923
-179
357
160
376
277
-351
-867
410
794
-228
-865
-895
-838
-334
-580
-519
953
-314
692
-898
-545
-935
987
-319
-930
947
799
940
10
-425
-217
-237
-925
-819
331
715
357
-855
340
983
654
990
488
-192
-572
-233
316
-529
105
-600
455
-113
535
547
-721
-125
-566
550
-681
-830
595
21
-252
235
-288
-357
231
-68
-394
-269
484
123
675
138
821
-741
379
-959
28
18
573
197
-139
-941
505
-791
487
-52
275
379
180
-677
591
707
-421
-636
-383
588
-171
624
731
-209
916
280
7
262
-506
-117
-767
323
546
-350
-725
-172
158
-627
-400
840
-256
-995
776
-611
-980
979
-250
873
47
-666
736
671
-346
-298
-502
520
546
-783
-137
223
426
420
277
-737
-576
207
-810
-143
-842
-104
-879
43
-257
-535
181
345
41
34
889
576
-512
-359
-918
364
798
389
738
-74
-148
8
-480
694
101
-80
855
322
-223
842
-641
-341
-765
6
-570
233
740
-941
-201
-175
6
696
-117
684
-202
-904
725
-54
916
220
345
830
871
-959
316
158
-436
-252
-624
773
283
21
886
421
-677
-604
-51
-365
555
831
998
222
244
-516
-326
876
436
-182
-197
-486
224
-955
-726
866
-799
15
-349
913
423
-420
-689
704
-816
-480
938
-856
922
71
-833
-709
568
-865
-790
-262
642
-768
263
-355
425
-757
511
972
-496
-977
-457
479
7
-58
989
-931
848
-595
-805
-987
282
432
744
642
93
346
632
-949
-277
-359
-70
390
-348
-917
716
297
349
116
-889
40
97
628
233
928
14
-853
-144
549
-427
-477
623
-588
943
-843
-406
-460
-541
852
957
-419
527
-670
716
6
289
497
-841
949
355
498
-74
251
-92
645
-514
283
-492
-732
-160
-913
-108
549
255
424
96
-588
844
275
207
530
-184
357
-951
495
-813
228
129
-758
783
531
152
-241
-660
949
-596
173
509
-572
340
-746
593
230
-337
-592
-190
-614
231
225
-91
-902
85
635
-55
-331
919
743
-975
508
-688
-599
-159
785
-987
583
-199
-711
-384
622
-431
58
-77
-633
-173
-661
-693
-659
73
447
-599
-64
269
73
-597
734
-856
620
-667
990
-26
114
539
-631
-354
268
-228
968
-180
242
135
-285
-3
682
-769
-818
-682
-413
-192
-103
891
569
-778
198
-535
-926
-964
705
275
-877
-955
-531
-158
124
-926
-146
578
346
825
223
-31
589
-884
-512
187
621
802
-414
906
-44
709
941
-829
-476
873
-25
-898
-209
419
742
-739
-95
376
-277
499
-572
744
-124
75
-799
133
968
884
924
-724
289
-408
7
737
779
490
-754
120
648
885
-100
-906
-454
844
-278
-448
-653
-909
507
-794
609
-124
731
-62
767
640
-176
-783
-862
-737
-346
-104
779
733
-213
698
273
34
66
710
-491
-933
-904
187
502
423
181
994
-660
-188
-720
979
293
-32
549
-393
172
-162
20
-838
-20
-136
999
817
-69
-812
-280
-90
893
-436
839
-288
323
-187
-677
20
-255
-371
294
-130
-153
538
-611
701
258
833
-791
-733
49
296
408
615
52
-487
990
445
-970
-398
375
-840
776
-832
-202
923
205
281
-395
20
-510
316
999
-134
312
-559
811
942
-704
590
855
993
668
-295
418
-216
-773
-908
-529
-254
-325
-320
-864
800
-628
998
992
699
581
693
-222
-822
-735
400
-954
-770
490
-240
335
-167
-486
-580
-562
-575
611
816
292
443
687
-448
99
250
-224
190
199
740
-558
-734
281
-38
-810
333
492
47
-90
-138
997
773
445
-206
-436
-933
331
-430
725
-236
773
-555
-914
-74
931
-100
344
50
-444
962
572
457
-938
248
-664
194
83
-454
-793
743
-420
741
-770
-131
560
903
912
-99
476
-655
295
-225
363
470
666
-870
-233
-788
-514
-199
-448
890
76
988
-381
283
-357
-560
-376
-258
198
944
-263
-857
-69
453
-476
-487
-394
-846
-5
-884
-462
-217
899
-171
-286
513
316
621
621
719
611
-71
-655
934
-187
-228
499
309
489
-609
551
-110
-838
-767
-899
-975
342
-890
-314
-793
241
-686
-341
679
215
526
-278
99
-987
-675
655
585
-107
-903
-177
455
-345
-821
-986
-30
-333
27
165
386
-57
-759
553
645
332
244
3
4
-115
434
-326
-85
455
626
995
-529
-396
585
307
-260
873
475
-230
-721
471
-972
110
157
459
247
-249
796
-516
-541
-87
937
-877
527
222
-948
907
-966
410
-497
77
-745
651
-223
-851
-277
109
-910
-665
-795
257
692
897
-92
523
-834
478
-291
834
-950
500
239
618
87
657
632
821
-582
600
-267
510
21
-149
605
620
-275
18
125
405
102
-622
-506
-835
-455
883
471
798
-147
-348
-866
-250
637
-982
-1
-80
844
-813
297
-911
-265
-429
-787
427
608
859
-74
-356
-411
-104
-762
-648
806
-587
610
-808
250
-307
-571
-702
-360
219
306
-353
611
380
-782
880
518
-718
321
-873
197
-263
218
426
966
497
-465
-721
-798
-220
573
919
-206
162
882
-154
782
-101
-441
192
510
730
71
487
-413
-762
438
375
983
-181
565
-149
559
330
-443
588
-642
472
809
-107
-38
-21
-298
889
220
662
-295
-553
679
-610
-302
-532
-993
49
338
-955
-255
-443
261
-908
675
-8
-45
988
140
-106
98
802
612
804
187
666
827
113
261
854
-198
260
-467
-871
-960
-635
749
921
240
-648
78
906
824
616
-645
-468
593
-695
476
-924
-177
283
773
772
117
-174
-827
-410
321
-882
-52
223
821
616
-115
837
529
336
-327
162
-121
129
-675
469
128
-996
449
9
297
-426
-821
-531
50
668
578
15
-176
182
330
-529
526
-760
522
213
117
-295
-659
-670
-629
129
-502
614
157
179
-825
947
522
624
334
647
-89
930
174
330
828
-472
569
-142
247
831
-713
-75
-909
38
-194
-142
-904
-188
-455
179
-647
-120
-690
-490
-130
-382
-214
361
435
692
-136
-616
122
-187
637
637
-273
657
-133
-556
463
-959
734
-615
-775
383
-314
0
-275
-465
-799
-233
-174
39
263
-101
375
871
381
-449
-142
-264
-44
-29
177
978
804
179
-124
-839
-348
-274
112
396
422
-909
-300
460
110
-702
534
-216
79
-711
-299
368
-433
640
-408
677
-758
163
343
-405
-411
-29
-112
-508
-25
-441
-29
-541
-830
-531
-606
791
-833
-901
850
-235
-913
219
616
-217
-992
754
-546
-58
501
405
6
87
-285
660
-994
-577
-196
759
-371
735
510
190
267
-719
-272
-747
-925
433
846
278
572
-893
691
-954
-376
-932
-119
983
-877
-852
401
-319
660
465
210
315
527
-315
-295
-476
335
398
-164
301
583
-329
696
-531
480
-158
399
307
325
609
-943
-126
-223
-514
-345
-390
307
-314
669
763
-836
-512
197
-785
-856
159
459
-734
-496
486
438
929
301
985
-495
320
-501
-149
-171
-322
-867
-297
381
608
-146
-802
347
-921
170
568
768
-239
-313
-856
211
259
663
-64
-705
797
-801
-684
-135
-72
365
891
-350
-178
584
-396
201
-302
-422
-864
926
969
-803
678
-962
649
-564
119
224
599
962
-265
-152
-842
447
-583
-496
744
42
-484
730
-37
-719
371
689
-196
749
560
-358
483
-191
969
-987
487
-289
710
-129
392
393
-24
625
-990
285
-126
-235
437
-574
318
440
-455
-781
30
707
509
-883
-283
241
-93
-430
488
-659
963
-466
571
-972
507
-136
394
51
-811
892
-912
-377
543
-487
487
-315
-569
90
-332
-480
-551
479
111
532
-143
-495
536
-12
-416
-814
-529
-448
883
26
628
-582
186
685
-861
-153
738
344
-282
930
558
-932
813
391
289
493
-194
223
520
134
-673
6
-891
-360
-253
-325
103
300
-96
-411
796
118
-864
694
493
-234
669
588
-454
-276
-559
323
225
-68
404
-271
-26
250
385
90
633
-944
-444
-11
179
276
-421
-892
541
175
494
-170
70
209
-597
-572
209
-737
-980
669
935
-429
-856
-360
531
-350
-877
608
258
539
371
726
-523
682
990
407
-206
-266
-423
159
-211
638
262
-285
886
257
52
256
-70
-108
540
-455
-963
-15
-974
782
273
330
-853
999
-271
102
42
-204
551
-990
135
245
-506
-106
596
758
552
78
539
-254
236
-215
-983
-124
61
934
-112
-267
798
627
600
-288
60
643
964
-64
-215
-759
987
-970
-831
601
-194
-446
-369
200
806
900
-655
-553
971
-512
-74
-124
-456
-953
823
230
40
815
-23
724
690
456
316
-179
-624
-485
637
-178
111
220
457
578
-866
-556
-630
-341
-314
643
496
259
-484
-432
572
-821
192
593
246
186
279
-567
-856
-937
-566
-898
-726
-339
-504
894
-690
-727
-373
-782
-648
629
-440
91
687
840
31
106
148
591
443
-323
-394
-98
833
-601
175
-232
205
-706
-316
-7
281
-198
982
520
751
296
-360
585
-936
-58
604
-999
838
732
372
-127
-54
-530
253
-919
335
567
-730
-183
651
412
266
507
-273
-836
-210
-572
-6
768
-699
-683
879
-997
276
312
-738
372
777
505
-964
-336
27
453
850
982
578
932
87
53
618
258
143
642
-10
495
-930
875
473
842
647
277
-98
-462
-68
-638
680
568
374
547
247
515
532
252
67
-164
-526
948
701
-92
906
-988
-480
124
-883
-836
627
386
768
-681
-448
-726
-373
667
270
-775
273
781
-876
-967
-135
573
-800
967
20
917
-281
841
-140
-263
14
334
313
-615
654
-127
695
-889
-728
-602
-329
453
-339
-677
-365
339
-298
989
579
-268
697
946
514
616
-361
359
502
-852
-979
-150
-633
-218
-281
-898
140
173
-486
-473
-689
-319
832
-689
937
-706
245
-849
681
-244
-690
-2
-162
-252
-704
-888
410
904
-625
-247
-704
-506
828
805
661
-422
834
-339
532
-559
405
671
713
136
26
467
42
-77
-436
485
92
-556
14
-14
-648
-574
-367
-104
956
-270
34
772
32
-433
802
-786
-277
-319
186
27
-53
318
444
451
-42
-204
-615
-230
769
-517
688
611
505
-8
550
-751
735
424
-768
-775
868
-553
-946
-399
651
41
-579
145
-153
711
418
776
-846
993
-438
-422
-581
49
-746
689
-782
179
-501
380
-132
50
-535
643
-88
-537
429
592
174
472
-314
991
-592
652
-26
229
-360
-650
-19
-954
-764
718
501
323
779
341
-210
-748
-201
-720
695
204
-556
331
-881
-409
-877
328
374
-952
213
-716
993
251
869
200
564
-338
-981
343
-856
541
-411
-192
817
520
-965
183
961
52
-764
-884
-217
58
-192
-387
-315
73
919
-136
-973
-789
-361
424
-150
-745
-86
547
105
198
-785
497
-17
-477
-81
-358
877
-433
497
-853
550
244
563
-920
-916
-519
848
732
-854
637
164
-20
-836
-743
417
497
945
439
-265
618
324
-844
772
682
391
820
247
658
-139
423
786
870
151
-455
-871
-372
-269
-429
-238
590
-699
390
33
-353
369
928
-176
168
778
802
-163
398
-239
-581
-453
-171
71
-179
905
359
-238
-391
835
-953
-829
236
595
278
-330
992
-937
150
-240
-998
16
899
-958
-473
452
167
-337
-95
35
938
-233
-571
706
934
539
477
538
-689
-614
-788
892
-559
828
-843
934
-390
-340
-31
576
439
-56
706
-86
832
395
-81
203
-714
-275
-129
460
348
508
-806
732
-947
-876
-697
104
-860
349
876
516
-127
154
-286
431
-732
-729
289
-562
544
-911
297
-160
-396
451
534
292
378
903
-613
-446
-196
960
282
-583
-694
966
-625
873
536
-918
-187
577
229
-5
-125
-316
-43
887
-698
98
-384
242
-866
222
438
47
-640
-752
360
945
-300
70
-457
913
-176
-132
876
-980
332
427
-747
828
794
-739
456
-994
169
-395
-555
-297
-78
320
869
263
-863
-203
-384
832
-47
909
210
-583
622
-924
863
969
515
503
-994
51
377
661
105
-358
153
64
566
-344
-312
-584
563
-273
622
-823
-421
-176
789
-383
486
-733
-572
430
971
-308
527
-48
126
542
610
-946
-995
638
272
-217
969
392
-213
-205
629
229
87
654
-797
-219
-558
-944
-917
-589
-865
-954
-546
626
462
276
-253
959
350
388
758
-140
-72
563
241
-827
-654
313
785
757
-844
575
783
816
-417
-835
322
-502
-20
-342
784
-681
-217
-240
-6
996
-704
224
-297
219
-410
390
-757
-38
-148
-614
147
-142
-514
-917
-444
-770
-718
-161
-776
-673
957
-889
-63
-677
-601
-5
144
-340
904
-252
638
-725
-266
-635
69
285
308
274
-867
700
-676
-808
217
710
-855
-762
346
-883
749
333
213
-521
-450
965
-871
515
425
391
689
356
-770
-690
982
-826
-858
102
137
-219
-872
669
-962
739
851
962
9
-442
-663
237
-716
536
-296
116
73
804
-732
-487
41
-855
-655
484
8
-859
57
-938
-314
-781
447
149
-740
-853
-765
519
633
-444
502
990
-858
43
-361
-152
-441
416
-143
560
-812
647
577
-147
-122
96
10
-777
-249
-436
-757
-71
470
745
141
536
855
631
378
-924
655
-561
-92
881
-701
-382
189
155
-577
500
480
349
7
164
507
-606
909
-937
-169
870
-369
983
-792
-851
118
-99
276
-399
400
299
869
-92
903
-507
263
-446
223
-451
-311
-448
192
-657
407
-521
-960
325
652
-138
465
555
-216
-999
-574
571
935
275
477
-352
469
999
-562
24
-420
895
239
-370
323
-761
-278
915
-596
747
243
314
35
-740
860
-88
-836
-710
937
-106
407
502
973
-687
-31
-830
454
-238
-103
-306
-427
-505
-52
227
587
578
408
-519
-334
608
-840
761
-984
-409
-677
313
101
-482
762
28
-217
-789
-201
-427
172
7
419
9
22
827
-698
-37
471
213
-29
411
935
-124
398
-865
-13
-670
-653
924
-988
168
-206
572
-538
-450
726
736
-481
-546
-377
-273
988
-739
955
-717
214
242
985
-601
-140
-510
211
261
-670
-123
-262
369
679
-402
915
883
-202
-149
532
-716
-297
228
897
387
-273
379
-895
-213
-554
-500
809
-208
-874
221
815
902
-467
452
-210
909
886
-255
-567
665
-200
-260
-620
596
1
-744
184
-992
-354
-416
-319
267
-951
559
-969
-108
-366
957
-222
650
-83
-215
217
690
-657
36
396
-205
-224
-543
53
816
-531
-102
817
331
-690
-187
960
-384
177
-540
45
-27
-808
-624
-247
-509
-296
-321
219
-717
808
772
184
288
-793
995
275
675
-762
-197
-270
928
-132
26
-134
672
479
-233
631
291
244
-484
-482
-583
923
-974
-818
-654
-131
-473
-948
-569
-917
-170
-732
539
-896
-111
241
-386
-430
385
155
420
-757
-112
-271
513
-679
171
532
-470
857
-782
194
822
72
518
794
-468
404
174
-240
-857
-913
422
-415
-406
-924
-905
-335
993
135
-384
588
22
-101
-935
169
-937
715
893
-440
-858
-912
-150
726
723
-467
-328
-374
-564
-351
-897
390
785
230
820
813
919
-774
802
484
-496
-643
726
-155
-223
207
946
-486
-159
600
614
174
249
74
506
332
-31
-738
-879
278
-243
3
-387
-452
-968
983
112
194
-709
-279
-992
-803
150
722
-248
308
-957
599
736
653
679
-21
826
397
-715
-990
92
792
-280
276
312
914
509
-69
813
405
873
879
196
530
802
790
-472
864
248
780
-453
-78
487
-431
-549
-963
-277
917
-165
-188
-3
-841
-673
447
-551
656
-498
-743
-985
-42
-375
694
-391
515
-217
186
854
724
-13
-890
-571
-857
-225
192
90
-325
-80
680
-570
541
758
-433
-557
-157
743
204
942
-455
-237
596
-87
673
785
710
855
-450
399
-908
162
-122
-178
119
-366
484
914
188
-855
-464
782
159
571
-959
-476
372
-5
446
685
-471
296
-851
978
-219
-847
726
839
-688
536
703
378
738
755
668
285
642
-884
542
254
540
260
-166
493
614
227
-331
878
497
-663
417
-691
452
-76
735
-158
-775
-3
831
148
-80
891
-239
870
177
-29
-428
438
-12
445
115
-105
-557
-649
-685
-682
-255
-206
741
374
-221
466
-734
585
-436
548
635
-136
901
-981
-236
884
516
472
-433
-163
25
465
-867
-844
31
497
-935
753
653
-349
785
-664
-182
979
-366
380
-387
-309
565
294
22
-798
241
-635
349
107
363
-969
-354
141
32
52
460
202
-45
-871
-792
466
316
555
-511
-298
-887
438
-342
-197
788
76
959
634
-49
30
-458
-763
9
-522
668
460
-471
388
418
-923
126
-898
-777
459
704
856
516
-143
-145
-160
832
-640
-768
328
655
597
-294
-546
339
228
-880
-799
405
312
-544
148
521
591
225
564
503
766
-117
-615
-383
-174
108
649
-482
484
732
-40
-875
-205
137
521
760
7
951
-680
-162
720
-167
-976
-549
400
-835
134
132
324
-523
982
133
-989
399
113
508
208
960
636
335
480
-943
-920
377
-514
884
346
488
991
153
-708
-897
-330
-88
533
87
-213
777
-992
-710
797
374
875
104
-74
-167
-689
323
818
114
753
-344
284
7
178
154
228
594
945
916
818
0
-201
-658
-52
-756
572
279
-928
998
-849
-655
459
67
-707
-227
-64
-594
-186
-945
185
486
752
727
651
-183
-959
-411
-874
448
-729
-318
-930
245
85
-671
-261
-225
-204
557
-836
-403
-239
-791
-928
-232
-906
-939
-220
-598
-729
255
149
-946
194
-640
649
-214
274
-625
599
-310
90
988
-356
-297
204
-603
539
-484
676
13
-712
-597
845
-643
-288
755
950
451
510
-834
144
-960
-137
861
457
-71
-343
278
-711
-231
377
-370
-20
-401
746
251
-975
-557
-842
540
-507
303
978
310
-777
-173
765
364
-652
989
-510
-891
-293
88
-207
-989
727
-631
-634
715
315
590
-495
-366
-666
840
897
830
226
928
-283
982
341
-356
83
-727
531
218
-69
-3
583
282
395
700
46
-361
-285
669
5
-820
-218
-416
390
-781
337
-863
354
602
928
-558
302
872
-349
-960
-873
815
763
311
-788
-305
223
-882
767
500
-786
474
60
-502
721
-934
-896
-579
-780
436
-633
599
544
-368
-944
-665
-14
-848
557
-139
-295
973
-429
-842
-508
504
526
981
-36
-748
-180
377
249
26
-540
-971
-787
-508
650
718
311
-119
-90
-763
-895
677
-730
55
-473
87
-891
41
-61
-895
-797
579
-945
-4
543
364
793
-12
-521
-792
113
16
771
-840
907
-698
-920
255
-5
-406
-503
-797
314
-108
636
337
-678
-563
888
-878
-276
-178
-631
-456
550
-10
146
-306
-342
976
-709
851
-266
165
-671
383
830
-89
646
-219
-471
313
416
126
-224
957
608
321
-548
-545
-363
375
-255
-430
-775
-916
-612
757
-968
385
823
-70
615
-274
348
-744
-718
751
-677
800
-591
-392
478
-165
-229
-798
412
-381
452
708
314
-545
-90
